02/13/2024 14:51:07
0 IRIDIUM 178
1 56729U 23068V   24044.48958943  .00003408  00000-0  44478-3 0  9997
2 56729  86.5790  26.1849 0002679  90.8366 269.3163 14.80255844 39937
0 IRIDIUM 177
1 56727U 23068T   24044.43259960  .00003614  00000-0  47179-3 0  9993
2 56727  86.1999  14.5717 0002468  90.8365 269.3139 14.80252287 39922
0 IRIDIUM 179
1 56730U 23068W   24044.48425164  .00003408  00000-0  44476-3 0  9991
2 56730  86.6794  28.7490 0002563  96.7337 263.4177 14.80254408 39934
0 IRIDIUM 174
1 56728U 23068U   24044.42715706  .00003610  00000-0  47130-3 0  9991
2 56728  86.2008  14.6676 0002376  91.7318 268.4175 14.80252546 39924
0 IRIDIUM 181
1 56726U 23068S   24044.47600994  .00000418  00000-0  11781-3 0  9992
2 56726  86.8613  38.4432 0002420 105.0162 255.1308 14.43579366 39146
0 IRIDIUM 170
1 43930U 19002J   24044.40327068  .00002571  00000-0  40371-3 0  9998
2 43930  86.6147 350.8580 0002345  90.7674 269.3812 14.72261665273495
0 IRIDIUM 175
1 43928U 19002G   24044.52709671  .00002930  00000-0  46056-3 0  9997
2 43928  86.1552 331.0032 0002346  85.1791 274.9694 14.72259947273499
0 IRIDIUM 169
1 43926U 19002E   24044.48138490  .00000865  00000-0  27619-3 0  9994
2 43926  86.4236  22.3623 0000737 326.6708  33.4444 14.38617745267342
0 IRIDIUM 168
1 43924U 19002C   24044.60480103  .00000216  00000-0  70180-4 0  9999
2 43924  86.4019 350.7935 0002189  83.7222 276.4223 14.34218588266484
0 IRIDIUM 180
1 43922U 19002A   24044.61114426  .00000133  00000-0  40569-4 0  9996
2 43922  86.4016 350.7376 0002212  85.4114 274.7334 14.34217772266505
0 IRIDIUM 167
1 43931U 19002K   24044.35109538  .00000372  00000-0  12580-3 0  9991
2 43931  86.4014 350.8435 0002250  87.0596 273.0857 14.34217109266432
0 IRIDIUM 171
1 43929U 19002H   24044.56674651  .00000149  00000-0  46224-4 0  9999
2 43929  86.4025 350.9500 0002181  86.7602 273.3844 14.34218111266468
0 IRIDIUM 172
1 43927U 19002F   24044.37645867  .00000553  00000-0  19054-3 0  9992
2 43927  86.4012 350.8177 0002219  87.0123 273.1327 14.34219137266446
0 IRIDIUM 173
1 43925U 19002D   24044.59211398  .00000037  00000-0  60637-5 0  9994
2 43925  86.4013 350.7225 0002215  81.6946 278.4501 14.34216779266460
0 IRIDIUM 176
1 43923U 19002B   24044.32912087  .00002590  00000-0  40674-3 0  9999
2 43923  86.6147 350.8842 0002474  91.5979 268.5521 14.72263899273475
0 IRIDIUM 159
1 43578U 18061K   24044.54187977  .00000012  00000-0 -29523-5 0  9995
2 43578  86.3927  53.8694 0002261  87.7635 272.3819 14.34216617290880
0 IRIDIUM 156
1 43576U 18061H   24044.52284533  .00000069  00000-0  17555-4 0  9999
2 43576  86.3929  53.8953 0002167  97.9446 262.1996 14.34215792290871
0 IRIDIUM 154
1 43574U 18061F   24044.56725180 -.00000055  00000-0 -26748-4 0  9990
2 43574  86.3928  53.9289 0002287  87.5709 272.5749 14.34216738290918
