02/27/2024 06:11:39
0 IRIDIUM 164,1 43577U 18061J   24058.03891869  .00000004  00000-0 -55816-5 0  9990,2 43577  86.3944  48.2665 0002448  88.5697 271.5779 14.34217398292850
0 IRIDIUM 119,1 42959U 17061E   24057.92766906  .00000205  00000-0  66035-4 0  9998,2 42959  86.4006  16.7957 0001946  88.1099 272.0320 14.34218370334239
0 IRIDIUM 45,1 25104U 97082A   24058.12067472  .00011461  00000-0  69481-3 0  9990,2 25104  86.3699 274.2628 0167030 282.9375  75.3248 14.99416758380441
0 IRIDIUM 38,1 25043U 97069E   24058.08047346  .00000664  00000-0  21711-3 0  9997,2 25043  86.3903  73.3465 0001310 159.5072 200.6178 14.37108623377812
0 IRIDIUM 143,1 43258U 18030K   24058.13939080  .00000216  00000-0  69935-4 0  9991,2 43258  86.3934 282.0154 0002417  93.7058 266.4414 14.34218363309571
0 IRIDIUM 914,1 24836U 97030A   24057.94050506  .00000846  00000-0  26347-3 0  9992,2 24836  86.3959  23.5803 0002736  44.5639 315.5779 14.39846100538576
0 IRIDIUM 920,1 24871U 97034C   24058.08740094  .00000730  00000-0  22301-3 0  9997,2 24871  86.3937  55.1786 0010514 202.0895 157.9853 14.40546965398270
0 IRIDIUM 142,1 43256U 18030H   24058.12036176  .00000235  00000-0  76975-4 0  9995,2 43256  86.3926 281.8748 0002312  88.3857 271.7604 14.34217320309580
0 IRIDIUM 146,1 43254U 18030F   24058.11402501  .00000400  00000-0  13570-3 0  9996,2 43254  86.3928 281.9276 0002338  91.5066 268.6397 14.34218741309585
0 IRIDIUM 145,1 43253U 18030E   24058.13305002  .00000112  00000-0  33041-4 0  9991,2 43253  86.3929 281.9045 0002345  92.5219 267.6246 14.34217928309575
0 IRIDIUM 39,1 25042U 97069D   24058.08474486  .00001114  00000-0  29554-3 0  9999,2 25042  86.3880  55.0805 0020639  94.5438 265.8124 14.47714205380301
0 IRIDIUM 148,1 43255U 18030G   24058.15207655 -.00000009  00000-0 -10201-4 0  9990,2 43255  86.3931 281.9418 0002225  82.7299 277.4150 14.34217048309633
0 IRIDIUM 36,1 24967U 97056C   24057.96873147  .00000839  00000-0  27863-3 0  9997,2 24967  86.4008  12.9542 0002378  88.2976 271.8493 14.36649712383820
0 IRIDIUM 181,1 56726U 23068S   24057.99268804  .00000651  00000-0  18647-3 0  9990,2 56726  86.8637  33.4460 0002820  96.5340 263.6183 14.43595494 41096
0 IRIDIUM 166,1 43570U 18061B   24058.02623254 -.00000031  00000-0 -18129-4 0  9999,2 43570  86.3940  48.2546 0002129  98.5641 261.5796 14.34217356292833
0 IRIDIUM 161,1 43478U 18047C   24058.11655919  .00000271  00000-0  74680-4 0  9991,2 43478  86.4432  79.9894 0002231  91.3813 268.7643 14.43292130303825
0 IRIDIUM 178,1 56729U 23068V   24057.94203425  .00002578  00000-0  33573-3 0  9991,2 56729  86.5815  20.4375 0002419  89.5909 270.5589 14.80241840 41925
0 IRIDIUM 911,1 24842U 97030G   24057.99758365  .00001016  00000-0  27773-3 0  9996,2 24842  86.4442  44.4666 0012266 240.5845 119.4134 14.46319946406207
0 IRIDIUM 107,1 42960U 17061F   24057.87692849  .00000132  00000-0  40090-4 0  9990,2 42960  86.4006  16.8328 0002202  95.0186 265.1261 14.34218083334232
0 IRIDIUM 128,1 42811U 17039J   24057.94035518  .00000032  00000-0  43515-5 0  9997,2 42811  86.4004  16.7072 0002075  91.4078 268.7356 14.34217696349406
0 IRIDIUM 165,1 43572U 18061D   24058.01989042  .00000014  00000-0 -19732-5 0  9992,2 43572  86.3941  48.2968 0002373  91.8814 268.2654 14.34217694292824
0 IRIDIUM 136,1 42962U 17061H   24057.98475236  .00000171  00000-0  53889-4 0  9996,2 42962  86.4007  16.7761 0001986  82.5981 277.5440 14.34217913334267
0 IRIDIUM 179,1 56730U 23068W   24057.93660214  .00002593  00000-0  33774-3 0  9995,2 56730  86.6820  23.1704 0002436  92.3163 267.8338 14.80236520 41923
0 IRIDIUM 155,1 43573U 18061E   24058.05160300 -.00000025  00000-0 -15853-4 0  9997,2 43573  86.3938  48.1941 0001866  91.3848 268.7562 14.34217063292800
0 IRIDIUM 176,1 43923U 19002B   24057.85473223  .00001808  00000-0  28272-3 0  9996,2 43923  86.6152 345.2373 0002626  88.5129 271.6389 14.72267081275465
0 IRIDIUM 28,1 24948U 97051E   24058.15561359  .00000666  00000-0  22040-3 0  9992,2 24948  86.4016 341.2419 0001987  96.2508 263.8916 14.36524019385559
0 IRIDIUM 139,1 42963U 17061J   24057.92132724  .00000204  00000-0  65804-4 0  9990,2 42963  86.4007  16.8509 0002172  92.1250 268.0195 14.34218703334263
0 IRIDIUM 63,1 25286U 98021B   24058.14380936  .00000517  00000-0  17256-3 0  9993,2 25286  86.3944 281.5466 0002136  82.3158 277.8281 14.35618886355794
0 IRIDIUM 174,1 56728U 23068U   24057.87984626  .00002651  00000-0  34530-3 0  9997,2 56728  86.2029   8.2864 0002434  91.7257 268.4243 14.80236575 41914
0 IRIDIUM 177,1 56727U 23068T   24057.81772323  .00000403  00000-0  49565-4 0  9997,2 56727  86.2015   8.2214 0002749  93.1358 267.0177 14.80223297 41901
0 IRIDIUM 167,1 43931U 19002K   24057.88619164  .00000102  00000-0  29485-4 0  9998,2 43931  86.4025 345.1930 0002265  86.2285 273.9170 14.34217923268379
0 IRIDIUM 171,1 43929U 19002H   24057.75299323  .00000407  00000-0  13825-3 0  9990,2 43929  86.4032 345.4467 0002282  86.5982 273.5475 14.34220753268355
0 IRIDIUM 170,1 43930U 19002J   24057.86091275  .00001793  00000-0  28030-3 0  9993,2 43930  86.6152 345.2394 0002645  89.9504 270.2016 14.72262909275476
0 IRIDIUM 175,1 43928U 19002G   24057.78089436  .00001723  00000-0  26931-3 0  9998,2 43928  86.1543 324.7194 0002282  84.8774 275.2703 14.72253736275445
0 IRIDIUM 172,1 43927U 19002F   24057.84179348  .00000240  00000-0  78735-4 0  9999,2 43927  86.4024 345.1964 0002289  82.8981 277.2475 14.34217828268370
0 IRIDIUM 173,1 43925U 19002D   24057.84812806  .00000363  00000-0  12256-3 0  9991,2 43925  86.4024 345.1888 0002122  81.9934 278.1503 14.34216818268377
0 IRIDIUM 159,1 43578U 18061K   24057.93743215  .00000181  00000-0  57743-4 0  9995,2 43578  86.3942  48.2635 0002198  85.4197 274.7250 14.34217101292805
0 IRIDIUM 156,1 43576U 18061H   24057.91840703  .00000133  00000-0  40353-4 0  9997,2 43576  86.3942  48.2897 0002296  93.5362 266.6096 14.34218545292795
0 IRIDIUM 154,1 43574U 18061F   24057.96280658 -.00000023  00000-0 -15298-4 0  9997,2 43574  86.3940  48.3235 0002159  82.3949 277.7492 14.34217286292832
0 IRIDIUM 140,1 43252U 18030D   24057.65735384  .00000026  00000-0  21227-5 0  9994,2 43252  86.3932 282.1296 0002120  96.8832 263.2605 14.34217731309571
0 IRIDIUM 149,1 43250U 18030B   24057.68906727  .00000171  00000-0  54008-4 0  9999,2 43250  86.3928 282.0671 0002245  89.0040 271.1413 14.34217899309540
0 IRIDIUM 153,1 43078U 17083J   24057.67637144  .00000696  00000-0  24141-3 0  9993,2 43078  86.3931 282.1455 0001706  70.7147 289.4233 14.34216080324662
0 IRIDIUM 137,1 43076U 17083G   24057.80031784  .00000255  00000-0  84066-4 0  9998,2 43076  86.3986 313.7759 0002418  78.1756 281.9711 14.34218611323576
0 IRIDIUM 151,1 43074U 17083E   24057.67979658  .00000377  00000-0  12767-3 0  9995,2 43074  86.3984 313.7537 0002082  75.0263 285.1163 14.34221977323523
0 IRIDIUM 116,1 43072U 17083C   24057.80665820  .00000091  00000-0  25605-4 0  9990,2 43072  86.3982 313.6620 0002211  83.5436 276.6012 14.34217595323575
0 IRIDIUM 135,1 43070U 17083A   24057.74323147  .00000294  00000-0  98019-4 0  9998,2 43070  86.3983 313.6925 0002426  85.3158 274.8315 14.34218784323545
0 IRIDIUM 132,1 42961U 17061G   24057.95304060 -.00000005  00000-0 -88915-5 0  9995,2 42961  86.4000  16.7867 0001981  93.1043 267.0379 14.34217355334241
0 IRIDIUM 122,1 42957U 17061C   24057.86424323  .00000469  00000-0  16050-3 0  9996,2 42957  86.4003  16.7725 0002028  91.0157 269.1271 14.34218122334199
0 IRIDIUM 133,1 42955U 17061A   24057.90229849  .00000183  00000-0  58380-4 0  9991,2 42955  86.4005  16.8201 0002116  85.0537 275.0900 14.34218897334196
0 IRIDIUM 121,1 42812U 17039K   24057.82910749  .00000153  00000-0  47551-4 0  9990,2 42812  86.4027 345.2792 0002149  84.9328 275.2113 14.34218653349237
0 IRIDIUM 124,1 42810U 17039H   24057.65333412  .00000583  00000-0  16739-3 0  9995,2 42810  86.4453 282.0707 0002277  90.5128 269.6334 14.43276230353732
0 IRIDIUM 117,1 42808U 17039F   24057.85447773  .00000277  00000-0  91864-4 0  9993,2 42808  86.4024 345.2089 0001963  87.9248 272.2172 14.34218514349389
0 IRIDIUM 115,1 42806U 17039D   24057.78882742  .00000601  00000-0  17263-3 0  9993,2 42806  86.4516 313.6820 0001939  83.2756 276.8666 14.43272759352902
0 IRIDIUM 123,1 42804U 17039B   24057.87349981  .00000431  00000-0  14679-3 0  9993,2 42804  86.4024 345.2338 0002028  83.8027 276.3400 14.34221424349366
0 IRIDIUM 169,1 43926U 19002E   24057.90568554  .00000593  00000-0  18730-3 0  9995,2 43926  86.4261  16.7535 0001240 173.7564 186.3650 14.38604308269272
0 IRIDIUM 168,1 43924U 19002C   24057.72127988  .00000416  00000-0  14133-3 0  9992,2 43924  86.4028 345.3181 0002184  82.4920 277.6524 14.34220652268364
0 IRIDIUM 180,1 43922U 19002A   24057.86716369  .00000224  00000-0  72790-4 0  9993,2 43922  86.4024 345.2038 0002211  83.7063 276.4384 14.34218166268404
0 IRIDIUM 163,1 43575U 18061G   24057.94377848  .00000037  00000-0  61860-5 0  9994,2 43575  86.3942  48.2729 0002173  85.7189 274.4255 14.34217720292802
0 IRIDIUM 158,1 43571U 18061C   24057.92475065 -.00000009  00000-0 -10242-4 0  9996,2 43571  86.3939  48.3062 0002320  91.2617 268.8845 14.34217718292783
0 IRIDIUM 160,1 43569U 18061A   24057.93109513 -.00000059  00000-0 -28039-4 0  9994,2 43569  86.3941  48.3326 0002119  76.7838 283.3594 14.34216679292794
0 IRIDIUM 150,1 43257U 18030J   24057.67003962  .00000047  00000-0  97850-5 0  9999,2 43257  86.3931 282.1524 0002129  96.3485 263.7953 14.34217768309545
0 IRIDIUM 157,1 43251U 18030C   24057.70809187  .00000252  00000-0  82910-4 0  9998,2 43251  86.3929 282.0930 0001979  83.3346 276.8075 14.34216580309529
0 IRIDIUM 144,1 43249U 18030A   24057.68272337  .00000133  00000-0  40330-4 0  9991,2 43249  86.3929 282.0934 0002123  88.8246 271.3193 14.34217744309525
0 IRIDIUM 131,1 43079U 17083K   24057.78128648  .00000426  00000-0  14515-3 0  9995,2 43079  86.3988 313.7920 0002178  82.7687 277.3756 14.34220281323505
0 IRIDIUM 141,1 43077U 17083H   24057.79397413  .00000318  00000-0  10665-3 0  9994,2 43077  86.3981 313.6568 0001960  85.5263 274.6157 14.34220068323577
0 IRIDIUM 134,1 43075U 17083F   24057.92716579  .00000206  00000-0  66631-4 0  9996,2 43075  86.3985 313.6469 0002139  91.0562 269.0879 14.34218564323524
0 IRIDIUM 130,1 43073U 17083D   24057.77493320  .00000283  00000-0  93845-4 0  9995,2 43073  86.3991 313.8689 0001987  89.0165 271.1258 14.34215174323519
0 IRIDIUM 138,1 43071U 17083B   24057.76860035  .00000145  00000-0  44682-4 0  9995,2 43071  86.3971 313.4130 0001811  84.7347 275.4055 14.34218326323538
0 IRIDIUM 125,1 42964U 17061K   24057.90864194  .00000225  00000-0  73410-4 0  9997,2 42964  86.4009  16.9017 0001814  93.3348 266.8056 14.34218249334272
0 IRIDIUM 129,1 42958U 17061D   24057.95938329  .00000080  00000-0  21391-4 0  9997,2 42958  86.4006  16.7909 0002047  89.2661 270.8770 14.34217676334227
0 IRIDIUM 100,1 42956U 17061B   24057.89595668  .00000199  00000-0  63851-4 0  9991,2 42956  86.4004  16.7611 0002068  89.5757 270.5676 14.34217622334194
0 IRIDIUM 126,1 42809U 17039G   24057.87984965  .00000211  00000-0  68210-4 0  9992,2 42809  86.4026 345.2359 0001861  79.9699 280.1707 14.34217677349369
0 IRIDIUM 118,1 42807U 17039E   24057.83544948  .00000320  00000-0  10731-3 0  9994,2 42807  86.4026 345.2516 0002139  84.9255 275.2184 14.34219490349353
0 IRIDIUM 120,1 42805U 17039C   24057.75591225  .00000264  00000-0  87241-4 0  9991,2 42805  86.3977 313.6875 0002118  84.8151 275.3287 14.34220135350572
0 IRIDIUM 113,1 42803U 17039A   24057.76225871  .00000177  00000-0  56006-4 0  9999,2 42803  86.3988 313.7932 0001861  81.2934 278.8473 14.34218567350583
0 IRIDIUM 105,1 41921U 17003E   24057.89887933  .00000218  00000-0  70620-4 0  9991,2 41921  86.3945  48.4058 0002201  89.5494 270.5954 14.34208697374557
0 IRIDIUM 109,1 41919U 17003C   24057.89011839  .00000223  00000-0  72594-4 0  9990,2 41919  86.3912  80.0692 0002077  86.4704 273.6729 14.34217958372614
0 IRIDIUM 108,1 41924U 17003H   24057.90572387 -.00000026  00000-0 -16402-4 0  9997,2 41924  86.3938  48.3350 0002282  93.2137 266.9320 14.34217282374524
0 IRIDIUM 73,1 25344U 98032C   24057.88473376  .00000890  00000-0  22319-3 0  9991,2 25344  86.4378 248.7353 0002408 103.4892 256.6581 14.50314557361490
0 IRIDIUM 69,1 25319U 98026A   24057.70297882  .00000471  00000-0  14395-3 0  9993,2 25319  86.3966 296.4590 0003621 121.5060 238.6493 14.39811755354474
0 IRIDIUM 24,1 25105U 97082B   24057.71912700  .00000622  00000-0  18727-3 0  9992,2 25105  86.3872 282.0831 0010461 201.8999 158.1755 14.40998785374576
0 IRIDIUM 33,1 24946U 97051C   24057.86285082  .00000451  00000-0  15382-3 0  9996,2 24946  86.3927 342.8348 0007586 177.1048 183.0193 14.34271741384451
0 IRIDIUM 26,1 24903U 97043A   24057.79165304  .00000587  00000-0  19461-3 0  9998,2 24903  86.3968 310.5285 0001925  88.8941 271.2476 14.36222863388813
0 IRIDIUM 921,1 24873U 97034E   24057.89066660  .00025584  00000-0  81529-3 0  9998,2 24873  86.3892 342.8923 0003382  16.9175 343.2187 15.32411661458104
0 IRIDIUM 4,1 24796U 97020E   24057.96025758  .00000783  00000-0  26293-3 0  9999,2 24796  86.3998  13.5791 0002120  83.2206 276.9232 14.36008850404100
0 IRIDIUM 7,1 24793U 97020B   24057.95176223  .00000666  00000-0  22675-3 0  9999,2 24793  86.3997  16.3864 0001935  88.5441 271.5977 14.35094780403573
0 IRIDIUM 2,1 25527U 98066A   24057.91239307  .00083801  00000-0  11595-2 0  9995,2 25527  85.5158  14.6730 0007652  76.2148 283.9964 15.56790604390460
0 IRIDIUM 82,1 25467U 98051A   24057.83368740  .00014603  00000-0  79100-3 0  9998,2 25467  86.3923 338.4266 0134244 269.0984  89.4869 15.06976359351706
0 IRIDIUM 71,1 25320U 98026B   24057.72780690  .00000581  00000-0  17795-3 0  9990,2 25320  86.3950 291.2328 0001712 153.1191 207.0097 14.40136613355247
0 IRIDIUM 57,1 25273U 98019B   24057.86955476  .00000584  00000-0  19777-3 0  9995,2 25273  86.4017 344.7453 0002143  86.6087 273.5355 14.35100509356453
0 IRIDIUM 51,1 25262U 98018A   24057.71880619  .00014999  00000-0  76755-3 0  9996,2 25262  86.3913 284.6024 0151302 231.9845 126.7653 15.06988486374604
0 IRIDIUM 29,1 24944U 97051A   24057.86915744  .00000631  00000-0  21229-3 0  9996,2 24944  86.4012 343.5714 0002270  79.7114 280.4339 14.35574946384915
0 IRIDIUM 22,1 24907U 97043E   24057.76138326  .00000561  00000-0  18993-3 0  9994,2 24907  86.3978 313.6897 0002125  83.7456 276.3982 14.35119225388420
0 IRIDIUM 16,1 24841U 97030F   24057.96202184  .00000777  00000-0  25191-3 0  9990,2 24841  86.4014  45.2612 0002748 136.7198 223.4216 14.37730679398557
0 IRIDIUM 5,1 24795U 97020D   24057.71629235  .00005354  00000-0  52159-3 0  9990,2 24795  86.3921 301.8583 0126447  38.8718 322.1515 14.86375437414506
0 IRIDIUM 104,1 41922U 17003F   24057.59201360  .00000229  00000-0  74627-4 0  9996,2 41922  86.3912  80.1651 0002007  89.6188 270.5238 14.34217171372649
0 IRIDIUM 114,1 41923U 17003G   24057.59835521  .00000082  00000-0  22150-4 0  9990,2 41923  86.3910  80.1487 0002445  96.0374 264.1100 14.34216187372621
0 IRIDIUM 106,1 41917U 17003A   24057.54761987  .00000212  00000-0  68684-4 0  9999,2 41917  86.3911  80.2647 0002480  98.2538 261.8939 14.34217386372579
0 IRIDIUM 110,1 43481U 18047F   24057.56664407  .00000223  00000-0  72463-4 0  9999,2 43481  86.3910  80.1393 0001786  94.3669 265.7731 14.34217437301845
0 IRIDIUM 152,1 43479U 18047D   24057.55395962  .00000140  00000-0  42759-4 0  9995,2 43479  86.3906  80.0843 0002351  91.9370 268.2095 14.34217416301856
0 IRIDIUM 162,1 43482U 18047G   24057.55563592  .00000267  00000-0  73398-4 0  9998,2 43482  86.4431  80.1258 0002169  89.2340 270.9109 14.43270747303730
0 IRIDIUM 147,1 43480U 18047E   24057.56030124  .00000184  00000-0  58492-4 0  9993,2 43480  86.3907  80.0719 0002039  90.8202 269.3228 14.34217436301858
0 IRIDIUM 112,1 41925U 17003J   24057.58567453  .00000215  00000-0  69558-4 0  9998,2 41925  86.3907  80.0348 0002135  86.9052 273.2388 14.34217759372648
0 IRIDIUM 111,1 41926U 17003K   24057.57298769  .00000227  00000-0  73844-4 0  9995,2 41926  86.3909  80.0921 0001957  91.7714 268.3706 14.34217718372620
0 IRIDIUM 102,1 41920U 17003D   24057.57933257 -.00000087  00000-0 -38264-4 0  9990,2 41920  86.3912  80.1407 0002069  87.4773 272.6659 14.34215745372656
0 IRIDIUM 103,1 41918U 17003B   24057.53492909  .00000086  00000-0  23476-4 0  9993,2 41918  86.3911  80.1722 0001874  93.6381 266.5029 14.34216644372594
0 IRIDIUM 42,1 25077U 97077A   24057.58395253  .00000617  00000-0  20813-3 0  9990,2 25077  86.3904  79.1481 0001765 103.5903 256.5490 14.35402770372807
0 IRIDIUM 17,1 24870U 97034B   24057.58223231  .00000657  00000-0  21598-3 0  9994,2 24870  86.3901  75.0688 0003616 108.8543 251.3046 14.36820918395122
0 IRIDIUM 44,1 25078U 97077B   24057.49355442  .00000771  00000-0  24247-3 0  9993,2 25078  86.3908  62.3763 0003467 118.7035 241.4512 14.39223039375112
